PERSP ABRG 274 512 1096 ABRG 274 326 1096 -0.559193 -0.829038 424.648926 0.527864 -0.356049 181.598648 -0.004132 0.001244 1.000000
PERSP AGRB 512 132 2052 AGRB 156 132 630 0.078859 -0.294306 76.976212 0.965926 0.258819 -198.246689 -0.003289 0.028571 1.000000
RANDOM RGBA 156 72 625 RGBA 314 36 1260 -0.588492 1.924870 133.268860 -0.478152 -0.146186 59.996407 -0.004219 -0.001437 1.000000
RSZ BRGA 172 512 694 BRGA 344 116 1383 -1.985092 0.243738 278.450226 -0.027611 -0.224874 117.702690 -0.001016 -0.001504 1.000000
PERSP BGRA 512 150 2050 BGRA 158 452 635 0.288097 -0.110590 13.475863 1.079882 2.813189 -260.999115 -0.001047 0.001901 1.000000
PERSP BRGA 330 480 1320 BRGA 330 120 1323 -0.743145 0.669131 126.490524 -0.167283 -0.185786 131.888794 0.002632 -0.001818 1.000000
PERSP NV12 68 160 70 AGBR 274 80 1099 1.638910 3.681051 -212.561707 -0.456773 0.203368 38.884102 0.001458 -0.021277 1.000000
PERSP GRBA 104 130 421 GRBA 416 394 1665 2.877358 2.778634 -121.405853 -2.105350 2.180152 163.290298 -0.006211 0.014493 1.000000
PERSP GRBA 512 82 2054 GRBA 312 246 1252 -0.607891 0.042508 309.289795 -0.209269 -2.992692 296.172302 -0.001019 -0.001727 1.000000
PERSP ABRG 512 512 2050 ABRG 320 288 1283 -0.603704 0.161762 272.603607 -0.145586 -0.543333 319.737549 -0.002538 -0.014925 1.000000
PERSP BGRA 512 124 2055 BGRA 458 18 1835 0.513082 0.732757 52.395729 -0.118909 0.083261 34.188156 0.001022 0.003155 1.000000
PERSP ARGB 176 352 707 ARGB 352 176 1408 -1.030077 1.714334 -35.733986 -0.428584 -0.257519 170.445663 0.001255 -1.000000 1.000000
AFFINE BGRA 162 114 649 BGRA 162 460 649 -0.838671 0.544639 117.240883 -2.197666 -3.384109 596.096741 0.001695 0.005076 1.000000
PERSP GRBA 116 512 464 GRBA 234 324 942 0.210859 2.006191 -408.714783 -0.629346 0.066147 180.970474 0.008130 0.007194 1.000000
PERSP RGBA 240 512 961 RGBA 482 306 1935 0.485860 -1.948677 679.822632 0.579903 0.144586 46.460972 -0.001221 -0.007874 1.000000
PERSP BGRA 4 192 22 BGRA 14 386 61 -3.491474 0.244147 -12.828867 -0.140239 -2.005520 383.732269 -0.002247 0.001179 1.000000
PERSP ABGR 448 102 1794 ABGR 448 412 1798 -0.984808 -0.173648 452.373779 0.701403 -3.977851 248.098297 0.004854 -0.001297 1.000000
PERSP GBRA 242 512 971 GBRA 242 352 970 -0.945519 0.325568 151.252350 -0.223828 -0.650044 368.713806 -0.002146 0.001456 1.000000
PERSP RGBA 100 512 402 RGBA 100 352 402 0.438371 -0.898794 257.442505 0.617921 0.301380 68.066528 -0.001287 -0.001848 1.000000
PERSP GBRA 512 512 2052 GBRA 204 416 817 0.366764 0.155682 -31.684061 -0.317469 0.747910 97.616020 -0.038462 0.001350 1.000000
PERSP RBGA 360 512 1440 RBGA 90 330 365 -0.004363 0.249962 -18.207104 -0.644433 -0.011249 283.227478 -0.001560 -0.010204 1.000000
PERSP ARGB 512 512 2048 ARGB 448 378 1794 -0.045794 -0.873801 458.518951 0.737269 -0.038639 10.130697 -0.012195 0.090909 1.000000
PERSP AGRB 14 512 61 AGRB 164 358 658 -6.207627 9.934277 -2421.715332 -0.592971 -0.370530 277.174988 0.014925 0.001949 1.000000

